1.2210000000000003
135.55300000000003
61.996
108.51500000000001
27.852000000000004
2.596
1.7380000000000002
138.204
2696.4960000000005
269.77500000000003
1.595
2.7940000000000005
7.678000000000001
25.795
5.423
9.339
10.219
3.883
0.9790000000000001
8.316
2.7720000000000002
6.182
2.244
1.309
4.07
6.457000000000001
9.185
9.086
9.658
7.282000000000001
5.852000000000001
1.551
3.861
3.311
7.755000000000001
4.587000000000001
5.61
8.404
1.848
1.573
3.2890000000000006
7.8100000000000005
9.779000000000002
9.790000000000001
7.018000000000001
7.612
8.921
10.483
10.868000000000002
1.4410000000000003
53.17400000000001
1.903
162.47
2.277
201.41
1.848
48.84
2.211
151.91
1.6940000000000002
83.49000000000001
1.617
78.43
1.4300000000000002
145.64000000000001
1.4740000000000002
194.04000000000002
1.6610000000000003
159.61
1.804
172.92
1.54
129.14000000000001
1.87
111.32000000000001
1.7600000000000002
57.970000000000006
1.7160000000000002
116.60000000000001
1.7380000000000002
97.24000000000001
1.9140000000000001
249.70000000000002
1.518
99.55000000000001
1.6830000000000003
197.56
1.881
180.07
2.189
55.88
1.9910000000000003
196.79000000000002
1.837
198.33000000000004
1.87
168.3
1.4080000000000001
44.550000000000004
1.2210000000000003
135.55300000000003
61.996
108.51500000000001
27.852000000000004
2.596
1.7380000000000002
138.204
2696.4960000000005
269.77500000000003
1.595
2.7940000000000005
7.678000000000001
25.795
5.423
9.339
10.219
3.883
0.9790000000000001
8.316
2.7720000000000002
6.182
2.244
1.309
4.07
6.457000000000001
9.185
9.086
9.658
7.282000000000001
5.852000000000001
1.551
3.861
3.311
7.755000000000001
4.587000000000001
5.61
8.404
1.848
1.573
3.2890000000000006
7.8100000000000005
9.779000000000002
9.790000000000001
7.018000000000001
7.612
8.921
10.483
10.868000000000002
1.4410000000000003
53.17400000000001
1.903
162.47
2.277
201.41
1.848
48.84
2.211
151.91
1.6940000000000002
83.49000000000001
1.617
78.43
1.4300000000000002
145.64000000000001
1.4740000000000002
194.04000000000002
1.6610000000000003
159.61
1.804
172.92
1.54
129.14000000000001
1.87
111.32000000000001
1.7600000000000002
57.970000000000006
1.7160000000000002
116.60000000000001
1.7380000000000002
97.24000000000001
1.9140000000000001
249.70000000000002
1.518
99.55000000000001
1.6830000000000003
197.56
1.881
180.07
2.189
55.88
1.9910000000000003
196.79000000000002
1.837
198.33000000000004
1.87
168.3
1.4080000000000001
44.550000000000004
1.2210000000000003
135.55300000000003
61.996
108.51500000000001
27.852000000000004
2.596
1.7380000000000002
138.204
2696.4960000000005
269.77500000000003
1.595
2.7940000000000005
7.678000000000001
25.795
5.423
9.339
10.219
3.883
0.9790000000000001
8.316
2.7720000000000002
6.182
2.244
1.309
4.07
6.457000000000001
9.185
9.086
9.658
7.282000000000001
5.852000000000001
1.551
3.861
3.311
7.755000000000001
4.587000000000001
5.61
8.404
1.848
1.573
3.2890000000000006
7.8100000000000005
9.779000000000002
9.790000000000001
7.018000000000001
7.612
8.921
10.483
10.868000000000002
1.4410000000000003
53.17400000000001
1.903
162.47
2.277
201.41
1.848
48.84
2.211
151.91
1.6940000000000002
83.49000000000001
1.617
78.43
1.4300000000000002
145.64000000000001
1.4740000000000002
194.04000000000002
1.6610000000000003
159.61
1.804
172.92
1.54
129.14000000000001
1.87
111.32000000000001
1.7600000000000002
57.970000000000006
1.7160000000000002
116.60000000000001
1.7380000000000002
97.24000000000001
1.9140000000000001
249.70000000000002
1.518
99.55000000000001
1.6830000000000003
197.56
1.881
180.07
2.189
55.88
1.9910000000000003
196.79000000000002
1.837
198.33000000000004
1.87
168.3
1.4080000000000001
44.550000000000004
1.2210000000000003
135.55300000000003
61.996
108.51500000000001
27.852000000000004
2.596
1.7380000000000002
138.204
2696.4960000000005
269.77500000000003
1.595
2.7940000000000005
7.678000000000001
25.795
5.423
9.339
10.219
3.883
0.9790000000000001
8.316
2.7720000000000002
6.182
2.244
1.309
4.07
6.457000000000001
9.185
9.086
9.658
7.282000000000001
5.852000000000001
1.551
3.861
3.311
7.755000000000001
4.587000000000001
5.61
8.404
1.848
1.573
3.2890000000000006
7.8100000000000005
9.779000000000002
9.790000000000001
7.018000000000001
7.612
8.921
10.483
10.868000000000002
1.4410000000000003
53.17400000000001
1.903
162.47
2.277
201.41
1.848
48.84
2.211
151.91
1.6940000000000002
83.49000000000001
1.617
78.43
1.4300000000000002
145.64000000000001
1.4740000000000002
194.04000000000002
1.6610000000000003
159.61
1.804
172.92
1.54
129.14000000000001
1.87
111.32000000000001
1.7600000000000002
57.970000000000006
1.7160000000000002
116.60000000000001
1.7380000000000002
97.24000000000001
1.9140000000000001
249.70000000000002
1.518
99.55000000000001
1.6830000000000003
197.56
1.881
180.07
2.189
55.88
1.9910000000000003
196.79000000000002
1.837
198.33000000000004
1.87
168.3
1.4080000000000001
44.550000000000004
1.2210000000000003
135.55300000000003
61.996
108.51500000000001
27.852000000000004
2.596
1.7380000000000002
138.204
2696.4960000000005
269.77500000000003
1.595
2.7940000000000005
7.678000000000001
25.795
5.423
9.339
10.219
3.883
0.9790000000000001
8.316
2.7720000000000002
6.182
2.244
1.309
4.07
6.457000000000001
9.185
9.086
9.658
7.282000000000001
5.852000000000001
1.551
3.861
3.311
7.755000000000001
4.587000000000001
5.61
8.404
1.848
1.573
3.2890000000000006
7.8100000000000005
9.779000000000002
9.790000000000001
7.018000000000001
7.612
8.921
10.483
10.868000000000002
1.4410000000000003
53.17400000000001
1.903
162.47
2.277
201.41
1.848
48.84
2.211
151.91
1.6940000000000002
83.49000000000001
1.617
78.43
1.4300000000000002
145.64000000000001
1.4740000000000002
194.04000000000002
1.6610000000000003
159.61
1.804
172.92
1.54
129.14000000000001
1.87
111.32000000000001
1.7600000000000002
57.970000000000006
1.7160000000000002
116.60000000000001
1.7380000000000002
97.24000000000001
1.9140000000000001
249.70000000000002
1.518
99.55000000000001
1.6830000000000003
197.56
1.881
180.07
2.189
55.88
1.9910000000000003
196.79000000000002
1.837
198.33000000000004
1.87
168.3
1.4080000000000001
44.550000000000004
133.59500000000003
60.115
13.794
1.6830000000000003
11.0
1.2210000157356262
135.55300369262696
61.996000671386724
108.5150016784668
27.851999664306643
2.595999884605408
1.7380000472068788
138.2039993286133
2696.496118164063
269.77500000000003
1.5950000524520875
2.7939999580383303
7.678000020980836
25.7950008392334
5.4229998111724855
9.33899974822998
10.218999958038331
3.8829999685287477
0.9789999842643738
8.315999937057496
2.7719999790191654
6.18199987411499
2.24399995803833
1.309000062942505
4.070000052452087
6.456999874114991
9.1850004196167
9.08600025177002
9.657999706268312
7.281999874114991
5.852000188827515
1.550999963283539
3.860999989509583
3.310999989509583
7.75500020980835
4.58700008392334
5.609999895095826
8.403999853134156
1.847999942302704
1.572999942302704
3.2890000104904176
7.809999895095826
9.77900037765503
9.789999580383302
7.018000125885011
7.61200008392334
8.920999622344972
10.482999706268311
10.868000125885011
1.4409999370574953
53.174000167846685
1.903000020980835
162.46999664306642
2.2769999265670777
201.4100067138672
1.847999942302704
48.8400016784668
2.210999989509583
151.9100067138672
1.6939999580383303
83.4900016784668
1.6170000314712525
78.4300033569336
1.4299999475479128
145.63999328613284
1.4740000367164614
194.03999328613284
1.6609999895095826
159.6100067138672
1.803999984264374
172.9199966430664
1.5399999737739565
129.1400016784668
1.8700000524520874
111.31999664306642
1.7600000262260438
57.9700008392334
1.7159999370574952
116.60000000000001
1.7380000472068788
97.24000167846681
1.9140000104904176
249.70000000000002
1.5179999947547913
99.55000000000001
1.6829999685287478
197.5600067138672
1.8810000419616701
180.06999664306642
2.1890000104904175
55.87999916076661
1.9909999370574953
196.78999328613284
1.8369999527931216
198.33000335693362
1.8700000524520874
168.3
1.4079999685287476
44.550000000000004
1.2210000157356262
135.55300369262696
61.996000671386724
108.5150016784668
27.851999664306643
2.595999884605408
1.7380000472068788
138.2039993286133
2696.496118164063
269.77500000000003
1.5950000524520875
2.7939999580383303
7.678000020980836
25.7950008392334
5.4229998111724855
9.33899974822998
10.218999958038331
3.8829999685287477
0.9789999842643738
8.315999937057496
2.7719999790191654
6.18199987411499
2.24399995803833
1.309000062942505
4.070000052452087
6.456999874114991
9.1850004196167
9.08600025177002
9.657999706268312
7.281999874114991
5.852000188827515
1.550999963283539
3.860999989509583
3.310999989509583
7.75500020980835
4.58700008392334
5.609999895095826
8.403999853134156
1.847999942302704
1.572999942302704
3.2890000104904176
7.809999895095826
9.77900037765503
9.789999580383302
7.018000125885011
7.61200008392334
8.920999622344972
10.482999706268311
10.868000125885011
1.4409999370574953
53.174000167846685
1.903000020980835
162.46999664306642
2.2769999265670777
201.4100067138672
1.847999942302704
48.8400016784668
2.210999989509583
151.9100067138672
1.6939999580383303
83.4900016784668
1.6170000314712525
78.4300033569336
1.4299999475479128
145.63999328613284
1.4740000367164614
194.03999328613284
1.6609999895095826
159.6100067138672
1.803999984264374
172.9199966430664
1.5399999737739565
129.1400016784668
1.8700000524520874
111.31999664306642
1.7600000262260438
57.9700008392334
1.7159999370574952
116.60000000000001
1.7380000472068788
97.24000167846681
1.9140000104904176
249.70000000000002
1.5179999947547913
99.55000000000001
1.6829999685287478
197.5600067138672
1.8810000419616701
180.06999664306642
2.1890000104904175
55.87999916076661
1.9909999370574953
196.78999328613284
1.8369999527931216
198.33000335693362
1.8700000524520874
168.3
1.4079999685287476
44.550000000000004
1.2210000157356262
135.55300369262696
61.996000671386724
108.5150016784668
27.851999664306643
2.595999884605408
1.7380000472068788
138.2039993286133
2696.496118164063
269.77500000000003
1.5950000524520875
2.7939999580383303
7.678000020980836
25.7950008392334
5.4229998111724855
9.33899974822998
10.218999958038331
3.8829999685287477
0.9789999842643738
8.315999937057496
2.7719999790191654
6.18199987411499
2.24399995803833
1.309000062942505
4.070000052452087
6.456999874114991
9.1850004196167
9.08600025177002
9.657999706268312
7.281999874114991
5.852000188827515
1.550999963283539
3.860999989509583
3.310999989509583
7.75500020980835
4.58700008392334
5.609999895095826
8.403999853134156
1.847999942302704
1.572999942302704
3.2890000104904176
7.809999895095826
9.77900037765503
9.789999580383302
7.018000125885011
7.61200008392334
8.920999622344972
10.482999706268311
10.868000125885011
1.4409999370574953
53.174000167846685
1.903000020980835
162.46999664306642
2.2769999265670777
201.4100067138672
1.847999942302704
48.8400016784668
2.210999989509583
151.9100067138672
1.6939999580383303
83.4900016784668
1.6170000314712525
78.4300033569336
1.4299999475479128
145.63999328613284
1.4740000367164614
194.03999328613284
1.6609999895095826
159.6100067138672
1.803999984264374
172.9199966430664
1.5399999737739565
129.1400016784668
1.8700000524520874
111.31999664306642
1.7600000262260438
57.9700008392334
1.7159999370574952
116.60000000000001
1.7380000472068788
97.24000167846681
1.9140000104904176
249.70000000000002
1.5179999947547913
99.55000000000001
1.6829999685287478
197.5600067138672
1.8810000419616701
180.06999664306642
2.1890000104904175
55.87999916076661
1.9909999370574953
196.78999328613284
1.8369999527931216
198.33000335693362
1.8700000524520874
168.3
1.4079999685287476
44.550000000000004
1.2210000157356262
135.55300369262696
61.996000671386724
108.5150016784668
27.851999664306643
2.595999884605408
1.7380000472068788
138.2039993286133
2696.496118164063
269.77500000000003
1.5950000524520875
2.7939999580383303
7.678000020980836
25.7950008392334
5.4229998111724855
9.33899974822998
10.218999958038331
3.8829999685287477
0.9789999842643738
8.315999937057496
2.7719999790191654
6.18199987411499
2.24399995803833
1.309000062942505
4.070000052452087
6.456999874114991
9.1850004196167
9.08600025177002
9.657999706268312
7.281999874114991
5.852000188827515
1.550999963283539
3.860999989509583
3.310999989509583
7.75500020980835
4.58700008392334
5.609999895095826
8.403999853134156
1.847999942302704
1.572999942302704
3.2890000104904176
7.809999895095826
9.77900037765503
9.789999580383302
7.018000125885011
7.61200008392334
8.920999622344972
10.482999706268311
10.868000125885011
1.4409999370574953
53.174000167846685
1.903000020980835
162.46999664306642
2.2769999265670777
201.4100067138672
1.847999942302704
48.8400016784668
2.210999989509583
151.9100067138672
1.6939999580383303
83.4900016784668
1.6170000314712525
78.4300033569336
1.4299999475479128
145.63999328613284
1.4740000367164614
194.03999328613284
1.6609999895095826
159.6100067138672
1.803999984264374
172.9199966430664
1.5399999737739565
129.1400016784668
1.8700000524520874
111.31999664306642
1.7600000262260438
57.9700008392334
1.7159999370574952
116.60000000000001
1.7380000472068788
97.24000167846681
1.9140000104904176
249.70000000000002
1.5179999947547913
99.55000000000001
1.6829999685287478
197.5600067138672
1.8810000419616701
180.06999664306642
2.1890000104904175
55.87999916076661
1.9909999370574953
196.78999328613284
1.8369999527931216
198.33000335693362
1.8700000524520874
168.3
1.4079999685287476
44.550000000000004
1.2210000157356262
135.55300369262696
61.996000671386724
108.5150016784668
27.851999664306643
2.595999884605408
1.7380000472068788
138.2039993286133
2696.496118164063
269.77500000000003
1.5950000524520875
2.7939999580383303
7.678000020980836
25.7950008392334
5.4229998111724855
9.33899974822998
10.218999958038331
3.8829999685287477
0.9789999842643738
8.315999937057496
2.7719999790191654
6.18199987411499
2.24399995803833
1.309000062942505
4.070000052452087
6.456999874114991
9.1850004196167
9.08600025177002
9.657999706268312
7.281999874114991
5.852000188827515
1.550999963283539
3.860999989509583
3.310999989509583
7.75500020980835
4.58700008392334
5.609999895095826
8.403999853134156
1.847999942302704
1.572999942302704
3.2890000104904176
7.809999895095826
9.77900037765503
9.789999580383302
7.018000125885011
7.61200008392334
8.920999622344972
10.482999706268311
10.868000125885011
1.4409999370574953
53.174000167846685
1.903000020980835
162.46999664306642
2.2769999265670777
201.4100067138672
1.847999942302704
48.8400016784668
2.210999989509583
151.9100067138672
1.6939999580383303
83.4900016784668
1.6170000314712525
78.4300033569336
1.4299999475479128
145.63999328613284
1.4740000367164614
194.03999328613284
1.6609999895095826
159.6100067138672
1.803999984264374
172.9199966430664
1.5399999737739565
129.1400016784668
1.8700000524520874
111.31999664306642
1.7600000262260438
57.9700008392334
1.7159999370574952
116.60000000000001
1.7380000472068788
97.24000167846681
1.9140000104904176
249.70000000000002
1.5179999947547913
99.55000000000001
1.6829999685287478
197.5600067138672
1.8810000419616701
180.06999664306642
2.1890000104904175
55.87999916076661
1.9909999370574953
196.78999328613284
1.8369999527931216
198.33000335693362
1.8700000524520874
168.3
1.4079999685287476
44.550000000000004
133.59499664306642
60.115001678466804
13.79399995803833
1.6829999685287478
11.0
