230.575
3300.0000000000005
1430.0000000000002
2200.0
577.3
1100.0
653.338
575.0
34196.526
230.575
3300.0000000000005
1430.0000000000002
2200.0
577.3
1100.0
653.338
575.0
34196.526
230.575
3300.0000000000005
1430.0000000000002
2200.0
577.3
1100.0
653.338
575.0
34196.526
230.575
3300.0000000000005
1430.0000000000002
2200.0
577.3
1100.0
653.338
575.0
34196.526
230.575
3300.0000000000005
1430.0000000000002
2200.0
577.3
1100.0
653.338
575.0
34196.526
230.575
3300.0000000000005
1430.0000000000002
2200.0
577.3
1100.0
653.338
575.0
34196.526
230.575
3300.0000000000005
1430.0000000000002
2200.0
577.3
1100.0
653.338
575.0
34196.526
230.575
3300.0000000000005
1430.0000000000002
2200.0
577.3
1100.0
653.338
575.0
34196.526
230.575
3300.0000000000005
1430.0000000000002
2200.0
577.3
1100.0
653.338
575.0
34196.526
230.575
3300.0000000000005
1430.0000000000002
2200.0
577.3
1100.0
653.338
575.0
34196.526
230.575
3300.0000000000005
1430.0000000000002
2200.0
577.3
1100.0
653.338
575.0
34196.526
230.575
