1.11
123.23	
56.36
98.65
25.32
2.36
1.58
125.64
2451.36
245.25
1.45
2.54
6.98
23.45
4.93
8.49
9.29
3.53
0.89
7.56
2.52
5.62
2.04
1.19
3.70
5.87
8.35
8.26
8.78
6.62
5.32
1.41
3.51
3.01
7.05
4.17
5.10
7.64
1.68
1.43
2.99
7.10
8.89
8.90
6.38
6.92
8.11
9.53
9.88
1.31	
48.34
1.73	
147.70
2.07	
183.10
1.68	
44.40
2.01	
138.10
1.54	
75.90
1.47	
71.30
1.30	
132.40
1.34	
176.40
1.51	
145.10
1.64	
157.20
1.40	
117.40
1.70	
101.20
1.60	
52.7
1.56	
106
1.58	
88.4
1.74	
227
1.38	
90.5
1.53	
179.6
1.71	
163.7
1.99	
50.8
1.81	
178.9
1.67	
180.3
1.7	
153
1.28	
40.5
1.11
123.23	
56.36
98.65
25.32
2.36
1.58
125.64
2451.36
245.25
1.45
2.54
6.98
23.45
4.93
8.49
9.29
3.53
0.89
7.56
2.52
5.62
2.04
1.19
3.70
5.87
8.35
8.26
8.78
6.62
5.32
1.41
3.51
3.01
7.05
4.17
5.10
7.64
1.68
1.43
2.99
7.10
8.89
8.90
6.38
6.92
8.11
9.53
9.88
1.31	
48.34
1.73	
147.70
2.07	
183.10
1.68	
44.40
2.01	
138.10
1.54	
75.90
1.47	
71.30
1.30	
132.40
1.34	
176.40
1.51	
145.10
1.64	
157.20
1.40	
117.40
1.70	
101.20
1.60	
52.7
1.56	
106
1.58	
88.4
1.74	
227
1.38	
90.5
1.53	
179.6
1.71	
163.7
1.99	
50.8
1.81	
178.9
1.67	
180.3
1.7	
153
1.28	
40.5
1.11
123.23	
56.36
98.65
25.32
2.36
1.58
125.64
2451.36
245.25
1.45
2.54
6.98
23.45
4.93
8.49
9.29
3.53
0.89
7.56
2.52
5.62
2.04
1.19
3.70
5.87
8.35
8.26
8.78
6.62
5.32
1.41
3.51
3.01
7.05
4.17
5.10
7.64
1.68
1.43
2.99
7.10
8.89
8.90
6.38
6.92
8.11
9.53
9.88
1.31	
48.34
1.73	
147.70
2.07	
183.10
1.68	
44.40
2.01	
138.10
1.54	
75.90
1.47	
71.30
1.30	
132.40
1.34	
176.40
1.51	
145.10
1.64	
157.20
1.40	
117.40
1.70	
101.20
1.60	
52.7
1.56	
106
1.58	
88.4
1.74	
227
1.38	
90.5
1.53	
179.6
1.71	
163.7
1.99	
50.8
1.81	
178.9
1.67	
180.3
1.7	
153
1.28	
40.5
1.11
123.23	
56.36
98.65
25.32
2.36
1.58
125.64
2451.36
245.25
1.45
2.54
6.98
23.45
4.93
8.49
9.29
3.53
0.89
7.56
2.52
5.62
2.04
1.19
3.70
5.87
8.35
8.26
8.78
6.62
5.32
1.41
3.51
3.01
7.05
4.17
5.10
7.64
1.68
1.43
2.99
7.10
8.89
8.90
6.38
6.92
8.11
9.53
9.88
1.31	
48.34
1.73	
147.70
2.07	
183.10
1.68	
44.40
2.01	
138.10
1.54	
75.90
1.47	
71.30
1.30	
132.40
1.34	
176.40
1.51	
145.10
1.64	
157.20
1.40	
117.40
1.70	
101.20
1.60	
52.7
1.56	
106
1.58	
88.4
1.74	
227
1.38	
90.5
1.53	
179.6
1.71	
163.7
1.99	
50.8
1.81	
178.9
1.67	
180.3
1.7	
153
1.28	
40.5
1.11
123.23	
56.36
98.65
25.32
2.36
1.58
125.64
2451.36
245.25
1.45
2.54
6.98
23.45
4.93
8.49
9.29
3.53
0.89
7.56
2.52
5.62
2.04
1.19
3.70
5.87
8.35
8.26
8.78
6.62
5.32
1.41
3.51
3.01
7.05
4.17
5.10
7.64
1.68
1.43
2.99
7.10
8.89
8.90
6.38
6.92
8.11
9.53
9.88
1.31	
48.34
1.73	
147.70
2.07	
183.10
1.68	
44.40
2.01	
138.10
1.54	
75.90
1.47	
71.30
1.30	
132.40
1.34	
176.40
1.51	
145.10
1.64	
157.20
1.40	
117.40
1.70	
101.20
1.60	
52.7
1.56	
106
1.58	
88.4
1.74	
227
1.38	
90.5
1.53	
179.6
1.71	
163.7
1.99	
50.8
1.81	
178.9
1.67	
180.3
1.7	
153
1.28	
40.5
121.45
54.65
12.54
1.53
10.0