200.50
3000.00
1300.00
2000
502.00
1000.00
568.12
500.00
32568.12
200.50
3000.00
1300.00
2000
502.00
1000.00
568.12
500.00
32568.12
200.50
3000.00
1300.00
2000
502.00
1000.00
568.12
500.00
32568.12
200.50
3000.00
1300.00
2000
502.00
1000.00
568.12
500.00
32568.12
200.50
3000.00
1300.00
2000
502.00
1000.00
568.12
500.00
32568.12
200.50
3000.00
1300.00
2000
502.00
1000.00
568.12
500.00
32568.12
200.50
3000.00
1300.00
2000
502.00
1000.00
568.12
500.00
32568.12
200.50
3000.00
1300.00
2000
502.00
1000.00
568.12
500.00
32568.12
200.50
3000.00
1300.00
2000
502.00
1000.00
568.12
500.00
32568.12
200.50
3000.00
1300.00
2000
502.00
1000.00
568.12
500.00
32568.12
200.50
3000.00
1300.00
2000
502.00
1000.00
568.12
500.00
32568.12
200.50