20
21
23
25
27
30
32
32
30
31
30
32
21
22
23
24
25
22
21
20
23
21
30
31
32
38
30
32
33
30
20
21
23
25
27
30
32
32
30
31
30
32
21
22
23
24
25
22
21
20
23
21
30
31
32
38
30
32
33
30
20
21
23
25
27
30
32
32
30
31
30
32
21
22
23
24
25
22
21
20
23
21
30
31
32
38
30
32
33
30
20
21
23
25
27
30
32
32
30
31
30
32
21
22
23
24
25
22
21
20
23
21
30
31
32
38
30
32
33
30
20
21
23
25
27
30
32
32
30
31
30
32
21
22
23
24
25
22
21
20
23
21
30
31
32
38
30
32
33
30
20
21
23
25
27
30
32
32
30
31
30
32
21
22
23
24
25
22
21
20
23
21
30
31
32
38
30
32
33
30
20
21
23
25
27
30
32
32
30
31
30
32
21
22
23
24
25
22
21
20
23
21
30
31
32
38
30
32
33
30
20
21
23
25
27
30
32
32
30
31
30
32
21
22
23
24
25
22
21
20
23
21
30
31
32
38
30
32
33
30
20
21
23
25
27
30
32
32
30
31
30
32
21
22
23
24
25
22
21
20
23
21
30
31
32
38
30
32
33
30
20
21
23
25
27
30
32
32
30
31
30
32
21
22
23
24
25
22
21
20
23
21
30
31
32
38
30
32
33
30
20
21
23
25
27
30
32
32
30
31
30
32
21
22
23
24
25
22
21
20
23
21
30
31
32
38
30
32
33
30
20
21
23
25
27
30
32
32
30
31
30
32
21
22
23
24
25
22
21
20
23
21
30
31
32
38
30
32
33
30